13.117917165248276 -25.0
13.272010463087046 -24.5
13.427313877187359 -24.0
13.583831147725173 -23.5
13.741565990737703 -23.0
13.900522098078504 -22.5
14.06070313737469 -22.0
14.222112751986552 -21.5
14.38475456096913 -21.0
14.548632159036055 -20.5
14.713749116525388 -20.0
14.88010897936774 -19.5
15.04771526905632 -19.0
15.216571482619107 -18.5
15.38668109259296 -18.0
15.558047546999935 -17.5
15.730674269325405 -17.0
15.904564658498165 -16.5
16.079722088872664 -16.0
16.256149910212926 -15.5
16.433851447678546 -15.0
16.612830001812412 -14.5
16.793088848530495 -14.0
16.974631239113286 -13.5
17.157460400199167 -13.0
17.34157953377946 -12.5
17.526991817195416 -12.0
17.713700403136855 -11.5
17.90170841964245 -11.0
18.091018970101985 -10.5
18.281635133260018 -10.0
18.473559963221405 -9.5
18.666796489458314 -9.0
18.86134771681908 -8.5
19.057216625538455 -8.0
19.254406171249606 -7.5
19.452919284997456 -7.0
19.652758873253923 -6.5
19.85392781793438 -6.0
20.056428976415628 -5.5
20.260265181555646 -5.0
20.465439241714435 -4.5
20.671953940776618 -4.0
20.87981203817514 -3.5
21.08901626891675 -3.0
21.29956934360858 -2.5
21.51147394848622 -2.0
21.724732745443006 -1.5
21.93934837206089 -1.0
22.155323441642416 -0.5
22.372660543243903 0.0
22.591362241710208 0.5
22.81143107771047 1.0
23.032869567775226 1.5
23.255680204334556 2.0
23.479865455757757 2.5
23.705427766393907 3.0
23.932369556613576 3.5
24.160693222851975 4.0
24.390401137652912 4.5
24.62149564971401 5.0
24.85397908393293 5.5
25.08785374145477 6.0
25.32312189972047 6.5
25.559785812516235 7.0
25.797847710023824 7.5
26.037309798872275 8.0
26.278174262190173 8.5
26.520443259658983 9.0
26.764118927567573 9.5
27.009203378867397 10.0
27.25569870322872 10.5
27.503606967097703 11.0
27.75293021375437 11.5
28.003670463371567 12.0
28.2558297130746 12.5
28.50940993700175 13.0
28.764413086365703 13.5
29.02084108951576 14.0
29.27869585200068 14.5
29.53797925663257 15.0
29.79869316355131 15.5
30.06083941028984 16.0
30.324419811840066 16.5
30.58943616071969 17.0
30.855890227039538 17.5
31.123783758571697 18.0
31.393118480818117 18.5
31.663896097080297 19.0
31.936118288529215 19.5
32.2097867142759 20.0
32.48490301144306 20.5
32.761468795236745 21.0
33.039485659019 21.5
33.318955174380825 22.0
33.599878891216 22.5
33.882258337795164 23.0
34.1660950208407 23.5
34.45139042560174 24.0
34.73814601593026 24.5
35.026363234357255 25.0
35.31604350216936 25.5
35.60718821948633 26.0
35.89979876533864 26.5
36.193876497745656 27.0
36.4894227537942 27.5
36.7864388497177 28.0
37.0849260809755 28.5
37.384885722332896 29.0
37.686319027941096 29.5
37.98922723141819 30.0
38.29361154592993 30.5
38.59947316427104 31.0
38.90681325894719 31.5
39.21563298225681 32.0
39.5259334663736 32.5
39.837715823429036 33.0
40.150981145595644 33.5
40.465730505170065 34.0
40.78196495465687 34.5
